amino_acid number_inside number_outside average_diff_in_nn-number error_of_-ln(in/out)
CYS 4582 1016 2.28479307317 0.0256422066687
ILE 20370 4141 2.58741951941 0.0313335128168
SER 12576 10411 3.70952266855 0.0275916475358
GLN 7373 7752 2.70855642363 0.0273632977864
LYS 9285 15193 2.07271284371 0.0252007320363
ASN 8225 8928 3.35515715244 0.0277353696009
PRO 9135 9423 3.65673904107 0.0251739335616
THR 12537 9622 3.32088724367 0.0279000638362
PHE 13353 2813 2.48663087812 0.0330171953526
ALA 22725 11052 4.2266062004 0.0282067689761
HIS 6419 3366 2.79485608808 0.027814113818
GLY 16698 14326 4.96543883822 0.0271101294624
ASP 10001 14327 3.07840152013 0.0245722275853
LEU 30615 7107 2.6942959773 0.0273820506513
ARG 11327 10441 2.15942907925 0.0273488956841
TRP 4001 1193 2.20013984805 0.0245838617687
VAL 23562 6551 3.21195289569 0.0256529879191
GLU 11165 18091 2.70243312872 0.0257830815553
TYR 11228 3529 2.15125737448 0.0319961615535
MET 7003 1723 3.25546404511 0.0296295374285