Residue a0 a1 a2 a3 a4 a5 a6 chi2 C[%] RMS[%]
ALA 0.039 0.042 0.0081 -2.7 0 0 0 0.00081 95 0.11
ARG 0.055 -0.057 0.0039 0.8 0.050 0.009 17.0 0.00228 96 1.07
ASN 0.051 -0.040 0.0075 -1.6 0 0 0 0.00426 81 0.26
ASP 0.064 -0.063 0.0028 1.1 0.026 0.020 25.4 0.00262 96 0.33
GLN 0.054 -0.047 0.0071 0.0 0 0 0 0.00173 93 0.33
GLU 0.066 -0.064 0.0028 -0.7 0.012 0.015 29.4 0.00435 94 0.34
GLY 0.040 0.028 0.0060 -3.5 0 0 0 0.00233 80 0.19
HIS 0.025 0.056 0.0090 -20.0 0.040 0.015 15.0 0.01020 68 0.45
ILE 0.034 0.071 0.0058 -0.4 0 0 0 0.00178 97 0.17
LEU 0.032 0.062 0.0049 -0.1 0 0 0 0.00141 97 0.16
LYS 0.061 -0.060 0.0029 -2.8 0.035 0.015 23.6 0.00209 97 0.24
MET 0.034 0.050 0.0042 0.5 0 0 0 0.00281 91 0.22
PHE 0.024 0.075 0.0029 -1.5 0 0 0 0.00246 96 0.25
PRO 0.061 -0.041 0.0051 -1.1 0 0 0 0.00534 79 0.25
TRP 0.028 0.064 0.0143 -14.1 0.064 0.015 12.7 0.00216 96 0.20
TYR 0.030 0.045 0.0120 -16.0 0.030 0.020 13.7 0.00880 55 0.26
VAL 0.035 0.057 0.0084 -0.4 0 0 0 0.00394 89 0.20